72690
1226
59899
5816
57522
20367
2492
8153
89329
68112
20198
15302
10588
45967
29049
78770
17800
5669
84765
36704
64653
23467
32083
30007
17800
57938
82724
10880
8831
68863
70247
32191
19772
5150
30207
41511
63990
50557
52137
99276
58781
89752
45018
29201
62477
98419
74838
47708
27174
14015
41113
5613
84924
37433
86390
83980
18399
86010
901
67562
50717
10128
64542
83911
34705
12246
87688
23238
99958
79072
98660
5733
50830
97399
5962
10261
66934
25572
5417
46805
30704
35873
41555
14659
75227
74979
34974
14659
71950
89691
32541
3648
78685
4255
16070
9203
56731
38079
95614
26952
71935
14379
18306
16583
91984
80208
79368
77991
69650
88951
92514
10977
16394
99447
50022
58697
58947
43862
60380
73143
3326
61074
93328
15767
56086
16755
49790
16605
90258
31894
64319
28124
74671
66034
4720
1441
99958
75153
17357
90881
50806
58947
45417
2168
88441
68075
12943
41006
50091
76429
53444
4514
1176
77309
12607
67922
64936
18332
55679
25065
40072
30099
93126
23571
12618
33918
95610
69883
79702
55018
31874
44871
73696
98297
54980
38056
51430
5901
96751
46072
52198
56
42421
36641
74027
69650
1381
74417
54129
73910
92844
63383
92893
51661
8249
74577
79025
95466
54884
58206
87335
28945
74971
44169
97514
41819
40967
2568
98246
3495
3053
15539
70550
22233
2808
40316
49148
43737
30857
25225
89782
83326
38271
82405
46798
49257
4224
47508
69680
34448
57760
70781
51768
54655
17759
18995
12830
14211
69813
57377
42624
50557
54749
74430
21203
68472
75663
79626
30652
35598
372
99774
35411
86318
93241
9632
77655
8761
19857
58346
10501
30793
70504
15032
40072
74521
43238
62768
43301
58461
30863
66125
44553
22150
6133
91960
18089
33548
9682
32863
17476
75773
7784
42039
82591
33780
95072
67151
16386
7904
54499
61931
14447
74140
56623
27669
72773
48577
65208
33566
99714
99877
758
2430
7111
83601
47146
12863
84778
21667
98144
95358
96481
97828
1972
87465
62550
16055
83941
16927
70747
39160
30330
2771
6070
17049
70966
99426
30130
34974
4157
51202
91077
46443
89007
53104
34933
16755
79738
25836
83584
10880
14659
27327
76256
85133
21424
63648
59287
25593
25912
11422
93087
85240
30214
20861
50472
34090
78067
51483
28444
82525
19963
75089
11292
88384
74768
1089
48908
2788
81217
26109
79440
29710
55840
64078
86503
62998
40043
42392
24560
43855
66225
26852
72980
57455
34878
86221
73143
75889
66442
25562
93997
33290
22723
39420
1221
3995
1009
855
3108
31299
39203
86823
61045
54095
68552
64119
21585
73439
9062
15246
69761
43047
40635
97671
2222
32275
87925
8725
45211
80208
46951
89165
29817
24781
49032
66584
59025
71618
2759
54597
26292
39118
46610
15760
77830
60419
73213
33056
12672
50557
47778
30952
82525
80208
33639
18106
1842
58697
56160
53279
29293
71442
43492
77761
32110
52933
35734
77183
10004
10261
25954
62354
95312
62935
4268
42823
33601
56680
23589
46344
32465
22789
36865
75802
51981
95163
55098
95930
48741
47581
33032
41113
20245
70922
3195
36849
8508
70525
18246
46443
8960
1529
86984
3153
18850
88706
26561
71292
75203
20175
15002
21001
35346
8030
63168
55337
99958
58268
21606
74116
63354
84909
44833
29878
57358
47272
59715
80656
65770
60946
20589
49006
98630
1936
67951
74671
23290
36894
55840
52727
6840
4961
99774
54276
75663
94749
18618
57710
35087
34623
14216
38731
36070
8587
18161
85870
73461
86984
50107
36379
87597
60191
78836
36180
39520
99218
68075
16098
31374
70747
42211
15516
22624
107
23806
13957
66702
4699
34804
56275
7073
94238
99426
49038
73036
36042
42146
31510
60828
67764
10076
87645
33908
59226
80821
56193
23058
35873
69190
67783
33841
46295
58101
82525
14767
52852
16818
90336
53709
17883
78103
59489
44647
19419
85111
92996
79972
53297
5733
76845
20454
69976
42030
78261
15032
59668
75612
40179
3447
43832
69761
72832
97465
42449
22884
20589
21303
43066
52221
84884
71021
76530
99397
92958
53683
3632
11697
14474
20063
85587
73776
26292
63007
82976
20509
80176
22884
84698
7469
79668
33019
99701
21686
45833
8653
41940
78360
71045
84232
46780
73672
6859
51041
81284
36138
91881
73385
7335
51378
62662
33780
62935
47341
87438
52933
18529
97738
47708
37873
11634
87688
21001
1927
67984
24647
12689
83507
31966
27062
28190
29985
27184
6044
16617
13343
41022
79568
44169
35149
25461
70781
63116
23058
11820
67857
24233
7685
10004
46474
47626
73716
20825
31995
23290
55038
94618
27406
97738
7707
83315
57817
85606
99516
42231
74979
69169
70383
39196
79072
21338
57251
65811
25763
59199
40879
94639
59448
95733
91945
35346
67000
70366
75625
50666
64585
37383
91477
67207
11469
4795
41901
5210
77799
65316
44553
50995
254
63306
49765
73379
56086
63565
28217
19140
24198
72795
14541
45211
59601
42562
63527
60152
7349
97632
20943
6278
36834
98972
43963
62615
78751
45018
74550
89493
64777
82693
96925
70012
73096
30262
32592
11908
38477
79507
43301
92814
32909
96375
1821
76970
46503
51629
44169
69930
94030
18193
13090
85323
60469
17492
35860
64078
45327
89913
44760
21536
47821
67125
48049
61173
49558
76043
5613
75980
31320
19096
26272
83980
30271
74614
65760
99877
93637
47756
30271
59509
77639
12396
86321
96597
85030
55445
15697
24045
14220
98172
16593
47606
31995
41225
48987
56831
36042
21925
93762
34043
33330
9846
75824
94554
75201
55988
85323
18784
31113
44257
61559
12793
79224
19611
63036
53576
62810
22233
13387
58511
16729
79066
32328
29334
35660
15186
21001
27773
46443
23380
23676
83172
53979
69299
60736
88005
99714
38818
4063
3588
97561
66642
42362
98972
89888
15246
63647
13325
74819
321
3055
31874
8077
51629
85624
98487
44670
57342
66978
68882
8587
83146
97638
67715
76902
45661
97179
73696
96859
83980
27483
74140
72713
16388
22909
96751
88595
95094
71085
88618
71879
5758
26378
16605
43367
72193
27033
17883
51332
44529
91603
25496
25316
18836
40163
78629
33213
30022
34579
41901
54097
96232
26174
89420
16654
95214
20175
81502
9128
4834
3851
56330
70344
40854
33032
59567
93241
10004
22419
6976
1043
36515
38171
25836
88467
37731
41749
72940
15794
16521
47620
24463
59050
11604
35096
15949
77129
75876
1459
76556
98172
39020
