0
0
1
3
4
4
7
8
9
9
10
10
12
12
13
14
15
16
16
17
18
19
19
19
20
21
23
23
24
25
25
26
27
27
29
30
30
30
31
32
39
39
41
43
45
46
46
47
49
51
51
51
52
52
54
54
55
57
57
57
58
58
58
59
60
61
61
62
62
63
63
64
66
66
67
67
68
68
68
69
75
75
75
76
77
79
79
79
80
80
80
80
81
83
84
85
86
89
92
94
94
97
98
99
100
101
101
102
102
103
104
107
107
109
109
109
110
111
114
114
115
116
117
118
118
119
119
119
120
121
121
122
123
123
123
123
2
124
125
125
126
126
127
127
128
129
131
132
132
133
133
135
136
136
137
138
138
139
142
143
143
144
145
146
146
147
150
150
150
151
151
152
153
153
155
155
156
156
157
159
160
163
163
163
168
168
169
170
171
171
172
173
177
178
178
179
181
181
181
182
183
183
184
184
185
186
186
186
187
188
188
190
191
191
192
192
192
193
193
194
195
196
196
196
198
199
199
200
200
200
201
207
207
207
210
211
211
212
212
212
213
213
214
214
215
215
215
218
218
218
219
219
220
220
225
225
226
228
228
229
229
231
231
233
233
233
235
235
236
236
236
237
237
237
237
239
239
240
240
241
241
242
243
244
250
252
253
255
255
256
256
260
260
261
262
262
263
264
264
264
265
265
266
267
268
269
270
270
272
272
272
272
275
275
277
278
278
279
280
280
281
281
282
283
285
287
288
289
289
289
291
292
292
294
295
295
296
297
297
298
298
299
301
301
301
303
303
304
307
307
308
311
312
313
316
317
317
318
318
319
321
321
321
323
325
326
326
330
330
331
331
332
335
337
337
338
338
339
340
342
342
343
343
344
345
345
348
348
349
349
352
353
353
354
354
355
355
356
356
356
356
360
361
362
363
363
365
367
369
371
372
372
373
374
376
377
378
381
381
381
381
384
385
387
390
391
392
392
393
394
395
395
398
399
399
400
401
403
403
403
404
405
405
405
406
408
410
411
417
420
420
420
421
421
163
422
422
423
423
423
429
430
430
430
431
431
432
433
435
435
435
436
437
437
438
439
441
441
443
444
445
449
450
451
452
453
454
455
455
457
458
459
460
462
463
463
464
464
465
467
468
469
470
470
471
472
472
474
474
475
475
477
477
478
479
479
480
481
481
484
484
484
486
486
488
489
490
490
491
491
492
493
498
500
501
503
505
505
507
507
508
509
509
510
510
510
511
511
512
515
516
516
517
517
518
518
521
522
523
524
524
524
526
527
527
527
530
532
534
535
535
536
537
537
537
539
540
540
540
543
544
545
546
546
547
547
548
549
550
550
553
553
554
555
556
557
561
563
564
565
565
567
567
570
571
574
574
579
579
580
580
580
581
584
584
584
584
585
585
586
587
587
588
588
92
589
589
590
592
593
593
593
596
600
601
601
601
604
606
607
607
610
610
611
611
612
614
616
617
617
617
618
618
619
619
620
620
621
623
623
624
626
626
626
627
627
627
630
631
631
631
631
631
631
632
633
634
634
635
637
639
639
639
640
640
640
641
641
644
644
645
647
647
648
649
650
650
651
652
653
654
656
656
658
659
659
660
660
661
663
663
665
665
666
669
670
670
670
672
672
673
673
675
676
678
679
679
682
682
682
683
686
686
687
687
687
687
689
690
690
692
692
692
693
693
694
694
698
699
700
700
701
702
703
705
705
705
705
705
705
707
709
710
710
711
711
712
712
715
715
715
715
717
717
717
718
721
723
723
723
723
724
725
727
730
730
731
731
732
7
732
733
733
734
734
736
737
738
738
738
739
740
740
741
741
742
742
743
745
746
746
747
747
747
749
749
750
755
756
758
760
761
761
762
762
763
763
763
764
765
670
766
766
769
771
774
776
779
779
780
782
783
784
784
784
787
788
788
789
791
791
792
795
796
798
799
800
800
801
804
804
807
811
812
812
813
814
814
815
818
819
821
821
821
823
825
826
826
827
828
829
830
830
831
832
832
833
834
834
834
836
838
840
841
842
842
842
848
848
849
851
852
852
852
854
855
855
859
859
860
861
862
864
865
865
866
867
869
871
871
872
872
873
873
875
875
877
877
880
882
883
883
883
884
885
886
887
887
888
889
891
893
895
896
897
897
898
898
899
899
899
899
901
902
903
904
905
906
906
906
907
908
908
910
910
910
911
911
913
914
916
916
917
918
918
919
921
921
921
923
923
901
924
925
928
929
933
933
935
935
936
937
937
938
939
939
940
942
943
943
944
946
946
947
951
952
953
955
956
956
957
957
959
959
959
960
961
962
962
963
964
964
965
965
965
965
969
969
971
971
972
972
974
975
975
976
978
979
980
982
982
983
983
983
985
987
988
992
993
994
994
995
995
995
996
996
998
999
1000
1001
1002
1002
1003
1003
1004
1004
1006
1006
1007
1007
1008
1008
1010
1011
1012
1014
1015
1016
1019
1020
1021
1023
1024
1027
1027
1028
1028
1028
1028
1029
1031
1031
1032
1033
1033
1034
1034
1035
1037
770
1038
1039
1039
1040
1040
1042
1043
1044
1044
1045
1046
1046
1047
1047
1047
1048
1051
1051
1051
1053
1055
1055
1056
1059
1060
1060
1063
1065
1067
1067
1069
1070
1070
1070
1070
1071
1072
1073
1073
1073
1074
1075
1075
1075
1077
1077
1078
1080
1081
1082
1084
1087
1090
1090
1090
1091
1091
1092
1093
1095
1096
1096
1097
1097
1097
1098
1099
1100
1100
1100
1102
1102
1102
1103
1103
1104
1106
1106
1107
1109
1110
1111
1112
1113
1113
1113
866
1114
1118
1119
1119
1120
1120
1122
1123
1124
1124
1125
1126
1127
1127
1127
1129
1131
1133
1133
1133
1133
1134
1136
1137
1138
1138
1141
1142
1144
1145
1145
1146
1146
1148
1148
1149
1149
1150
1151
1153
1154
1156
1159
1160
1163
1165
1168
1168
1169
1173
1174
1174
1175
1176
1176
1178
1179
1180
1181
1182
1185
1187
1189
1190
1190
1192
1192
1196
1198
1199
1199
1200
1200
1201
1203
1205
1205
1205
1207
1207
1207
1208
1209
1209
1211
1211
1211
1213
1214
1215
1216
1221
1221
1222
1224
1224
1225
1225
1226
1232
1233
1234
1236
1238
1239
1240
1185
1242
1244
1245
1246
1247
1248
1249
1250
1250
1251
1252
1255
1255
1257
1258
1258
1260
1261
1261
1262
1262
1262
1263
1264
1265
1266
1266
1266
1267
1267
1273
1273
1274
1276
1277
1279
1280
1281
1281
1281
1281
1281
1281
1282
1283
1283
1283
1284
1285
1286
1287
1288
1288
1288
1288
1289
1291
1292
1293
1294
1294
1294
1296
251
1298
1302
1304
1306
1306
1307
1308
1308
1309
1309
1310
1310
1312
1312
1313
1314
1314
1316
1317
1317
1319
1319
1319
1320
1323
1326
1326
1327
1328
1329
1329
1333
1333
1333
1335
1335
1335
1337
1337
1337
1337
1338
1338
1339
1342
1342
1342
1344
1344
1344
1346
1347
1347
1348
1348
1348
1352
1352
1353
1356
1357
1358
1359
1359
1359
1360
1362
969
1363
1365
1365
1368
1368
1370
1370
1371
1372
1372
1373
1374
1374
1377
1378
1379
1381
1381
1381
1381
1382
1383
1384
1385
1388
1389
1390
1391
1392
1396
1397
1397
1397
1397
1398
1399
1400
1401
1401
1402
1402
1405
1405
1406
1406
1407
1409
1409
1409
1410
1411
1413
1414
1414
1415
1415
1415
1415
1418
1420
1421
1421
1427
1428
1429
1431
1432
1432
1433
1433
1435
1435
1437
1437
1438
1439
1441
1441
1441
1441
1441
1443
1445
1446
1446
1448
1449
1450
1450
1450
1452
1452
1452
1452
1453
1455
1455
1455
1455
1456
1457
1458
1459
1459
1459
1460
1460
1461
1461
1462
1462
1466
1468
1469
1469
1470
1470
1471
1472
1473
1474
1474
1477
1477
1480
1480
1480
1480
1481
1481
1482
1483
1483
1485
1485
1486
1486
1488
1488
1490
1490
1490
1490
1490
1492
1493
1494
1495
1496
1496
1496
1496
1497
1499
1499
1500
1500
1501
1502
1502
1503
1503
1503
554
1504
1505
1508
1510
1510
1511
1511
1512
1513
1513
1514
1514
1515
1516
1517
1520
1520
1522
1523
1523
1524
1524
1525
1525
1526
1528
1531
1531
1532
1533
1535
1536
1538
1542
1542
1543
1543
1543
1544
1544
1544
1545
1545
1546
1546
1546
1546
1548
1551
1552
1553
1554
1554
1557
1559
1559
1559
1561
1563
1563
1564
1564
1566
1567
1567
1567
1567
1568
1570
1573
1574
1577
1577
1578
1580
1581
505
1582
1583
1583
1585
1585
370
1585
1585
1587
1589
1592
1592
1376
1594
1595
1596
1598
1599
1599
1599
1600
1600
1601
1308
1601
1601
1602
1605
1605
1606
1606
1606
1609
1609
1610
1613
1613
1613
1613
1613
1616
1617
1617
1618
1618
1618
1620
1620
1621
1622
1623
1623
1623
1624
1625
1625
1625
1626
1140
1627
1628
1633
1636
1638
1639
1639
1641
1641
1642
1642
1643
1643
1644
1644
1645
1645
1646
1647
1649
1649
1650
1650
1651
1652
1655
1660
1660
1662
1664
1667
1668
1668
1668
1671
1672
1673
1673
1675
1676
1677
1677
1680
1680
1680
1682
1684
1612
1684
1685
1685
1687
1687
1691
1692
833
1692
1692
1693
1694
1694
1694
1695
1695
1697
1698
1698
1699
1702
1703
1704
1704
1705
1707
1708
1708
1709
1709
1709
1710
1711
1712
1714
1714
1716
1717
1719
137
1720
1721
1721
1722
1722
1725
1727
1727
1727
1730
1730
1733
1733
1735
1737
1737
1738
1738
1740
1743
1744
1744
1744
1745
1746
1748
1749
1750
1751
1751
1751
1752
1752
1753
1754
1755
1756
1758
1759
1759
1762
1763
1764
1764
1766
1767
1768
1768
1772
1772
1772
1772
1772
1774
1774
1775
1778
1778
1779
1780
1781
1781
1783
1783
1784
1786
1786
1786
1787
1790
1791
1791
1772
1792
1796
1798
1800
1801
1801
1802
1803
1803
1806
1808
1808
1809
1811
1811
1813
1816
1817
1818
1818
1820
1823
1824
1824
1826
1826
1826
1827
1829
1830
1831
1831
1832
488
1832
1833
1833
1834
1835
1835
1838
1840
1840
1842
1843
1843
1363
1843
1843
1844
1845
1845
1845
1845
1845
1845
1846
1846
1847
1848
1850
1851
1851
1854
1856
1857
1858
1859
1860
1862
1863
388
1863
1865
1865
1868
1868
1868
1869
1870
1873
1873
1874
1874
1877
1878
1879
1880
1882
1882
1883
1883
1885
1886
1887
1887
1887
1888
1888
1889
1891
1893
1893
1893
1895
1896
1896
1897
1899
1900
1900
1901
1903
1903
1904
1906
1907
1907
1867
1908
1909
1909
1911
1912
1913
1913
1914
1915
1916
1917
1917
1918
1919
1920
1923
1923
1928
1930
1932
1933
1933
1933
1934
1934
1936
1937
1937
1937
1939
1940
1941
1943
1943
1945
1946
1946
1947
1947
1947
1948
1949
1951
1952
1952
1954
1957
1959
1960
1962
1964
1965
1966
1967
1968
1969
1969
1969
1969
1972
1973
1973
1974
1974
1975
1976
1977
1978
1978
1980
1981
1981
1982
1988
1989
1989
849
1990
1990
1991
1992
1993
1993
1994
1995
1996
1997
1999
2000
2002
2003
2004
2005
2006
2006
2006
2008
2009
2009
2010
2011
2013
550
2014
2015
2016
2017
2018
2018
2019
2020
2020
2021
2022
2023
2024
2025
1750
2026
2027
2027
2027
2028
2028
2028
2029
2031
2032
2032
2032
2032
2033
1603
2034
2034
2035
2037
2041
2041
2044
2045
2047
2048
2049
2050
2050
2050
2050
2051
2051
2052
2052
2052
2053
2055
2056
2057
1783
2058
2059
2060
2061
2062
2062
2065
2065
2066
2068
2068
2071
2072
2074
2074
2076
2077
2078
2080
2081
2081
2082
2082
2084
2085
2086
2088
2089
2089
2090
2091
2092
2094
2094
2094
56
2097
2097
2098
2100
2100
2100
2104
2104
2105
2105
2106
2106
2106
2106
2109
2110
2111
2111
2112
2112
2113
2114
2116
2116
41
2117
2118
2119
2120
2121
2123
2123
821
2125
2126
2128
2128
2129
2131
2132
2134
2134
2137
2137
2138
1739
2140
2141
2142
2143
2143
2145
2146
2147
2147
2147
2147
2148
2149
2149
2153
2156
2156
2157
2160
2161
2162
2163
2165
2166
2167
2168
2169
2170
1593
2171
2171
2173
2173
2174
2174
2175
2178
2184
2185
2185
2186
2187
2187
2187
2187
2187
2188
2188
2188
2189
2189
2193
2198
2198
784
2199
2200
2201
2202
1481
2202
2203
2205
2206
2206
2207
2207
2208
2210
2210
2213
2213
2214
2215
2215
2216
2216
2217
2217
2217
2217
2219
2222
2223
2226
2226
2228
2229
2230
2230
2231
2231
2232
2232
2232
2232
2233
2235
2235
2237
2239
2239
2240
1817
2240
2241
2242
2244
2245
2245
2246
2250
2251
2251
2253
2255
2255
2257
2258
2259
2259
2259
2260
2267
2268
2268
2269
2270
2272
2272
2273
2273
2274
2274
2276
2278
2278
2281
2281
2283
2283
2284
2284
2284
2285
2285
2285
2286
2286
2287
2289
2289
2289
2291
2292
2293
2293
2295
2296
2296
2296
2297
2297
2297
2297
2299
2300
2301
2301
2302
2302
2303
2304
2304
2305
2306
2306
2307
2307
2307
2308
2308
2310
2311
2311
2313
2314
2315
2316
2317
2321
2324
2324
2325
2325
2327
2328
2328
2331
2333
2334
2334
2335
2338
2339
1653
2339
2339
2340
2341
2342
2342
2343
2343
2344
2345
2345
2346
2346
2347
2348
2350
2351
2352
2354
2355
2355
2356
2357
2358
2360
2361
2362
2366
2367
2369
2372
2373
2376
2377
2380
2380
2380
2380
2380
2381
2382
1714
481
2382
2382
2383
2383
2384
2385
438
2386
2387
2387
2389
2390
2391
1038
2393
2394
2395
2396
2399
2399
2399
2400
2400
2401
2401
2401
2402
2403
2403
2403
2405
2410
2412
2412
2412
2413
2414
2416
2416
2417
2419
2420
2423
2424
2425
2425
2426
2427
2428
159
2430
2431
2432
2435
2435
2435
2435
2437
904
2437
2437
2438
2439
2439
2441
2442
2444
2444
2447
2449
2449
2451
2451
2452
2452
2454
2454
2177
2455
2458
2458
2460
1611
2461
2462
2462
2462
2463
2466
2468
2468
2468
2468
2469
2469
2469
2470
2470
2471
2471
2472
2472
2473
2473
2473
2474
2478
39
2478
2481
2483
1411
2483
2484
2484
2485
2486
2486
2487
2487
2487
2488
2488
2490
2491
2492
2493
2495
2495
2495
2497
2498
586
2499
1311
2500
2501
2502
2502
2502
2503
2503
2503
2504
2504
1814
2505
2505
2506
2506
2508
2509
2510
2511
2511
2512
2517
2519
2519
2520
2524
2524
2526
2526
2526
2526
2529
2529
2531
2534
2535
2535
2538
2539
2539
2540
2542
2542
2543
2544
2544
2544
2546
2547
2549
2551
2556
2557
2557
2558
2558
2559
2559
2560
2561
2562
2563
2563
2563
2563
2565
2566
2566
2566
2567
2567
2568
2568
2569
2569
2570
2570
2571
2571
2571
2574
2578
2579
2580
2580
2580
2581
2581
2584
2584
2584
2585
2585
2587
2589
2590
2593
2595
2596
2596
2542
2596
2597
2599
2600
2600
2601
2601
2602
2602
2602
2603
2603
2605
1192
2605
2605
2607
2608
2608
2611
2611
2611
2611
2612
2612
2613
2613
2613
2615
2616
2617
2617
2618
2621
2621
2625
2626
2627
2629
2629
2629
230
2633
2635
2636
2636
2636
2637
2637
2638
2638
2640
2643
2643
2644
2644
2645
2646
2646
2647
2647
2647
2647
2648
2648
2648
2648
2650
2656
2656
2658
2658
1725
2661
2661
1158
2662
2662
2662
2663
2663
2664
2437
2664
2666
2667
2667
2669
390
2669
2670
2671
2672
2672
2672
2673
2673
2675
2675
2675
2676
2680
2682
2683
2684
2685
2686
2686
2686
2689
2689
2690
2690
2694
2694
2696
2696
2697
2697
2698
2699
2701
2702
2702
2702
2704
2705
2706
2709
2709
2711
2711
2714
2714
2714
2714
2714
2715
2715
2715
2718
2720
2720
2721
2721
2722
2722
2724
2724
2725
2725
2725
2725
2725
2725
2725
2726
2726
2730
2732
2733
2733
2734
2735
2736
2737
2739
2739
2739
2286
2741
2741
2744
2746
2746
2747
2747
2750
2750
2751
2752
2752
2753
2753
2753
2755
2756
2758
2759
2760
2760
2760
2761
2763
2764
2764
2764
2765
2765
2765
2766
2766
2766
2770
2772
2773
2773
2773
2774
2774
2774
2775
2776
2776
2778
2238
2778
2778
2779
2779
2781
2784
2786
2786
2786
2787
2787
2787
2788
2789
2790
2790
2790
2791
2791
2792
2792
2794
2795
2796
2797
2797
2797
2799
2800
974
2802
2802
2805
2806
2808
2809
2809
2810
2815
2815
2818
2821
2822
2822
2822
2822
2823
2823
2824
2824
2827
2827
2828
2829
2829
2830
2832
2834
2834
2834
2835
2836
2838
2838
2841
2841
2844
2846
2847
2847
2847
2848
2849
2850
2855
2855
2856
2857
2857
2858
2858
2858
2858
2860
2861
2861
2862
2864
2864
2864
2865
2868
2869
2869
2870
2871
2874
2878
2878
2879
1013
1197
2881
2882
2882
2884
2885
2886
2887
2175
2888
2888
2890
2890
2892
2892
2892
2893
2893
2895
2896
2897
2897
2898
2898
2900
232
2302
2900
2901
2902
2903
2908
2911
2911
2914
2914
2916
2917
2919
2919
2922
2923
2923
2923
2925
2925
2926
2928
2928
2934
2937
2939
2939
2942
2943
2943
2943
2944
2945
2947
2948
2948
2950
2951
2510
2952
2953
2953
2954
2954
2955
2956
2956
2959
2960
2961
2963
2963
2963
2964
2965
2965
2966
2966
2966
2967
2967
2969
2969
2970
2973
2973
2973
2975
2977
2978
2980
2981
2981
2982
2982
2983
2884
2984
2985
2985
2986
2988
2988
2990
2991
2992
2992
2993
2994
2997
2998
2998
2999
3001
3002
3003
984
3004
3004
3005
3009
3012
3012
3013
3015
3016
3016
3016
3017
3018
3019
3021
3023
3025
3025
3025
3030
3030
2139
3031
3032
3033
3035
3036
3036
3036
3037
3038
3040
3041
3042
3042
3043
3043
3043
3044
3045
3045
3045
3046
3046
3047
3047
3047
3051
3052
3053
3053
3053
3055
3055
330
3056
3057
3057
3058
3058
3058
3059
3059
3060
3060
3062
3063
3063
3064
3064
3065
3065
3066
3067
3067
3067
3068
3068
3069
3073
3073
3076
3081
3081
1418
3083
3088
3091
3093
3093
3094
3094
3094
3096
3098
3099
3100
3101
3102
3102
3103
3103
196
3105
3105
3108
3108
3109
3109
3110
3110
3112
3114
3118
3119
3120
3120
3121
3121
3121
3123
3123
3125
3126
3126
3127
3127
3129
3131
3132
3134
3134
3134
3135
3136
3138
2609
3140
3140
3140
3141
3141
3144
3145
3148
3148
3149
3149
3149
3150
3150
3150
3153
3154
3154
3156
3159
3160
3161
3161
3162
3069
3162
3164
3164
3165
3165
3165
3167
3168
3169
3173
3178
3178
3178
3179
3180
3181
3183
3186
3188
3189
3192
3193
3194
2854
3195
3198
3200
3200
3203
3203
3203
3204
3204
3205
3205
3206
3206
3207
3208
3210
3212
3212
3214
3216
3219
3219
3219
3220
3220
476
3221
3221
3224
3225
3225
3227
3228
3229
3230
3231
3234
3235
3235
3235
3236
3236
3236
3237
3237
3238
3238
3238
3239
3240
3240
3241
3242
3243
3243
3244
1790
3245
3246
3247
3248
3248
3249
3250
3250
3250
3252
3252
3252
3253
3254
3254
3254
3254
3254
3258
3261
3263
3263
3264
3264
3266
3266
3266
3267
3267
3267
3269
3269
3271
1340
3273
3274
3274
3274
3274
3275
3276
3276
3276
3277
1054
3278
3278
3279
3279
3280
3280
3283
3284
3285
3286
3287
3287
3287
3287
3288
3288
3292
3292
3295
3295
3297
2752
3297
3298
3298
3299
3299
3299
3300
3301
3303
3303
3303
2063
3304
3305
3308
3308
3308
3309
3309
3310
3311
3312
3312
3313
3313
629
3313
3314
3314
3315
3315
3316
3318
3320
3320
3320
3321
3322
3323
1471
2145
3323
3323
3327
3327
3327
3328
3329
3331
3331
3335
3336
3338
3338
3338
3339
3339
3341
3341
3342
3342
3345
3346
3349
3350
3350
3350
3350
3353
3354
3354
3354
3356
3358
3360
3360
3361
3362
3363
3363
3363
3365
2887
3366
3366
3367
3369
3370
3371
3373
3374
3376
3377
3381
3381
3381
549
3382
3382
3382
3382
3385
3385
1450
3390
3391
3393
3393
3394
3394
3395
3397
3397
3398
3398
3399
3399
3399
3399
3399
3400
3401
3402
2708
3404
3407
3408
3409
3409
3410
3410
3411
3414
3415
3418
3419
3419
3419
3424
3426
3426
3429
3430
3430
641
3431
3431
3432
3433
3434
3435
3436
3436
3436
3437
3437
3437
3441
3441
3442
3443
3445
3442
1300
3446
2623
3447
3448
3448
3449
3450
3450
3451
3451
3452
3454
3456
3456
3457
3458
3459
3459
3461
3461
3461
2361
3461
3463
3463
3463
3465
3466
3468
3468
3469
3470
3471
3472
3472
3473
3473
275
3473
3473
2208
3475
3475
3475
3478
3478
3480
3480
3481
3482
3482
3484
3487
3487
3488
1402
3489
3489
3490
3490
3491
3492
3493
3494
3494
3495
3496
3497
3499
3500
3501
3501
3502
3502
3502
2134
3502
3503
3505
3505
3507
3508
3510
3510
3511
3512
3513
3513
2207
3513
3514
3514
3514
3514
3518
3519
3519
3519
3519
3521
3524
3526
3526
3527
3529
3531
3531
3533
3535
3536
3538
3538
3540
3540
3541
3541
3541
3543
3544
3544
3547
3548
3550
3552
3552
3552
3554
3555
927
3556
3556
3557
3557
3557
3557
3557
3558
3562
3562
3563
3565
3565
3565
3565
3567
3567
1953
3570
3572
2442
3573
3574
3574
3574
3578
3580
3580
3580
3580
3581
3582
3585
3585
3587
3589
3590
3590
3592
3592
3593
3595
3595
3596
3597
3599
3600
3602
3604
3605
3605
3606
1060
3607
3607
3608
3609
3609
3115
3609
3610
3611
3611
3611
3614
3615
3616
3616
3619
894
3620
3622
733
2237
3622
3623
3623
3624
3624
3625
3627
3628
3628
3631
3631
3631
3632
3633
3633
3634
3634
3635
3635
3636
3637
3639
3640
3641
3642
3643
2024
3643
3643
3644
3645
3645
3646
3646
3647
3647
3647
3648
3649
3649
3650
3650
3651
3254
3655
3655
3656
3658
3659
3659
3659
3660
3660
3661
3662
3664
3664
3665
3666
3667
3668
3669
3670
3671
3671
3672
3674
3676
3677
3677
3678
3679
3679
3679
3681
3682
3684
3687
3687
3687
2903
3688
3688
3688
355
